[{
 "name": "Voyager",
 "decode_type": "SOFT8",
 "simd_type": "SIMD_NEON",
 "K": 7,
 "R": 2,
 "G": [109,79],
 "EbNo_dB": [-9.0,-8.0,-7.0,-6.0,-5.0,-4.0,-3.0,-2.0,-1.0,0.0,1.0,2.0],
 "ber": [4.895e-01,4.990e-01,4.783e-01,4.651e-01,4.561e-01,2.947e-01,1.907e-01,4.806e-02,7.679e-03,6.585e-04,2.214e-05,0.000e+00]
},
{
 "name": "Voyager",
 "decode_type": "SOFT16",
 "simd_type": "SIMD_NEON",
 "K": 7,
 "R": 2,
 "G": [109,79],
 "EbNo_dB": [-9.0,-8.0,-7.0,-6.0,-5.0,-4.0,-3.0,-2.0,-1.0,0.0,1.0,2.0],
 "ber": [5.020e-01,4.937e-01,4.727e-01,4.780e-01,4.146e-01,2.908e-01,1.635e-01,4.126e-02,5.435e-03,4.383e-04,2.047e-05,0.000e+00]
},
{
 "name": "Voyager",
 "decode_type": "HARD8",
 "simd_type": "SIMD_NEON",
 "K": 7,
 "R": 2,
 "G": [109,79],
 "EbNo_dB": [-9.0,-8.0,-7.0,-6.0,-5.0,-4.0,-3.0,-2.0,-1.0,0.0,1.0,2.0,3.0,4.0],
 "ber": [5.081e-01,4.912e-01,5.012e-01,4.565e-01,4.700e-01,4.146e-01,2.786e-01,1.556e-01,3.952e-02,6.235e-03,7.802e-04,6.308e-05,5.374e-06,0.000e+00]
},
{
 "name": "Voyager",
 "decode_type": "SOFT16",
 "simd_type": "SCALAR",
 "K": 7,
 "R": 2,
 "G": [109,79],
 "EbNo_dB": [-9.0,-8.0,-7.0,-6.0,-5.0,-4.0,-3.0,-2.0,-1.0,0.0,1.0,2.0],
 "ber": [4.988e-01,4.937e-01,4.727e-01,4.780e-01,4.075e-01,2.898e-01,1.630e-01,4.192e-02,5.456e-03,4.454e-04,1.983e-05,0.000e+00]
},
{
 "name": "LTE",
 "decode_type": "SOFT16",
 "simd_type": "SIMD_NEON",
 "K": 7,
 "R": 3,
 "G": [91,117,121],
 "EbNo_dB": [-12.0,-11.5,-11.0,-10.5,-10.0,-9.5,-9.0,-8.5,-8.0,-7.5,-7.0,-6.5,-6.0,-5.5,-5.0,-4.5,-4.0,-3.5,-3.0,-2.5,-2.0,-1.5],
 "ber": [5.137e-01,5.010e-01,4.822e-01,4.595e-01,4.548e-01,4.167e-01,3.845e-01,3.315e-01,3.472e-01,2.308e-01,1.710e-01,9.888e-02,5.552e-02,1.795e-02,6.740e-03,2.741e-03,7.522e-04,1.720e-04,3.474e-05,1.363e-05,1.919e-06,0.000e+00]
},
{
 "name": "Voyager",
 "decode_type": "HARD8",
 "simd_type": "SCALAR",
 "K": 7,
 "R": 2,
 "G": [109,79],
 "EbNo_dB": [-9.0,-8.0,-7.0,-6.0,-5.0,-4.0,-3.0,-2.0,-1.0,0.0,1.0,2.0,3.0,4.0,5.0],
 "ber": [5.168e-01,5.020e-01,4.998e-01,4.568e-01,4.824e-01,4.082e-01,2.603e-01,1.439e-01,4.443e-02,5.837e-03,7.740e-04,6.423e-05,2.559e-06,7.677e-07,0.000e+00]
},
{
 "name": "LTE",
 "decode_type": "SOFT16",
 "simd_type": "SCALAR",
 "K": 7,
 "R": 3,
 "G": [91,117,121],
 "EbNo_dB": [-12.0,-11.5,-11.0,-10.5,-10.0,-9.5,-9.0,-8.5,-8.0,-7.5,-7.0,-6.5,-6.0,-5.5,-5.0,-4.5,-4.0,-3.5,-3.0,-2.5,-2.0,-1.5],
 "ber": [5.137e-01,4.990e-01,4.822e-01,4.607e-01,4.548e-01,4.177e-01,3.845e-01,3.325e-01,3.472e-01,2.308e-01,1.693e-01,9.871e-02,5.566e-02,1.805e-02,6.707e-03,2.761e-03,7.507e-04,1.687e-04,3.532e-05,1.363e-05,1.919e-06,0.000e+00]
},
{
 "name": "LTE",
 "decode_type": "SOFT8",
 "simd_type": "SIMD_NEON",
 "K": 7,
 "R": 3,
 "G": [91,117,121],
 "EbNo_dB": [-12.0,-11.5,-11.0,-10.5,-10.0,-9.5,-9.0,-8.5,-8.0,-7.5,-7.0,-6.5,-6.0,-5.5,-5.0,-4.5,-4.0,-3.5,-3.0,-2.5,-2.0,-1.5,-1.0],
 "ber": [4.968e-01,4.805e-01,4.741e-01,4.666e-01,4.612e-01,4.441e-01,3.997e-01,3.599e-01,3.330e-01,2.607e-01,1.729e-01,9.831e-02,6.143e-02,2.047e-02,7.996e-03,3.510e-03,9.785e-04,2.150e-04,5.873e-05,1.631e-05,4.606e-06,5.758e-07,0.000e+00]
},
{
 "name": "LTE",
 "decode_type": "HARD8",
 "simd_type": "SIMD_NEON",
 "K": 7,
 "R": 3,
 "G": [91,117,121],
 "EbNo_dB": [-12.0,-11.5,-11.0,-10.5,-10.0,-9.5,-9.0,-8.5,-8.0,-7.5,-7.0,-6.5,-6.0,-5.5,-5.0,-4.5,-4.0,-3.5,-3.0,-2.5,-2.0,-1.5,-1.0,-0.5,0.0],
 "ber": [5.049e-01,4.919e-01,4.822e-01,4.800e-01,4.624e-01,4.751e-01,4.182e-01,3.979e-01,3.557e-01,2.812e-01,2.574e-01,1.788e-01,1.311e-01,8.221e-02,2.720e-02,1.199e-02,4.837e-03,1.863e-03,5.869e-04,1.514e-04,3.186e-05,1.286e-05,1.344e-06,5.758e-07,0.000e+00]
},
{
 "name": "DAB Radio",
 "decode_type": "SOFT16",
 "simd_type": "SIMD_NEON",
 "K": 7,
 "R": 4,
 "G": [109,79,83,109],
 "EbNo_dB": [-15.0,-14.5,-14.0,-13.5,-13.0,-12.5,-12.0,-11.5,-11.0,-10.5,-10.0,-9.5,-9.0,-8.5,-8.0,-7.5,-7.0,-6.5,-6.0,-5.5,-5.0,-4.5,-4.0,-3.5],
 "ber": [4.880e-01,4.714e-01,4.915e-01,4.722e-01,4.717e-01,4.822e-01,4.287e-01,4.077e-01,3.875e-01,2.966e-01,3.127e-01,1.752e-01,1.008e-01,5.869e-02,2.161e-02,1.000e-02,2.853e-03,1.033e-03,2.180e-04,4.402e-05,9.469e-06,1.791e-06,2.559e-06,0.000e+00]
},
{
 "name": "Basic K=5 R=1/2",
 "decode_type": "SOFT16",
 "simd_type": "SIMD_NEON",
 "K": 5,
 "R": 2,
 "G": [23,25],
 "EbNo_dB": [-7.0,-6.0,-5.0,-4.0,-3.0,-2.0,-1.0,0.0,1.0,2.0,3.0,4.0],
 "ber": [4.253e-01,4.128e-01,3.528e-01,2.505e-01,1.438e-01,5.059e-02,1.119e-02,1.692e-03,1.729e-04,1.053e-05,2.560e-07,0.000e+00]
},
{
 "name": "DAB Radio",
 "decode_type": "SOFT16",
 "simd_type": "SCALAR",
 "K": 7,
 "R": 4,
 "G": [109,79,83,109],
 "EbNo_dB": [-15.0,-14.5,-14.0,-13.5,-13.0,-12.5,-12.0,-11.5,-11.0,-10.5,-10.0,-9.5,-9.0,-8.5,-8.0,-7.5,-7.0,-6.5,-6.0,-5.5,-5.0,-4.5,-4.0,-3.5],
 "ber": [4.902e-01,4.714e-01,4.897e-01,4.722e-01,4.717e-01,4.817e-01,4.277e-01,4.077e-01,3.875e-01,2.966e-01,3.127e-01,1.764e-01,1.008e-01,5.913e-02,2.191e-02,1.000e-02,2.878e-03,1.025e-03,2.175e-04,4.351e-05,9.469e-06,1.791e-06,2.559e-06,0.000e+00]
},
{
 "name": "LTE",
 "decode_type": "HARD8",
 "simd_type": "SCALAR",
 "K": 7,
 "R": 3,
 "G": [91,117,121],
 "EbNo_dB": [-12.0,-11.5,-11.0,-10.5,-10.0,-9.5,-9.0,-8.5,-8.0,-7.5,-7.0,-6.5,-6.0,-5.5,-5.0,-4.5,-4.0,-3.5,-3.0,-2.5,-2.0,-1.5,-1.0,-0.5,0.0],
 "ber": [4.880e-01,4.963e-01,4.932e-01,4.773e-01,4.590e-01,4.727e-01,4.382e-01,3.762e-01,3.633e-01,2.842e-01,2.537e-01,2.052e-01,1.129e-01,7.013e-02,2.648e-02,1.284e-02,5.098e-03,1.841e-03,5.448e-04,1.783e-04,3.647e-05,1.017e-05,3.455e-06,1.727e-06,0.000e+00]
},
{
 "name": "CDMA IS-95A",
 "decode_type": "SOFT16",
 "simd_type": "SIMD_NEON",
 "K": 9,
 "R": 2,
 "G": [491,369],
 "EbNo_dB": [-17.0,-16.0,-15.0,-14.0,-13.0,-12.0,-11.0,-10.0,-9.0,-8.0,-7.0,-6.0,-5.0,-4.0,-3.0,-2.0,-1.0,0.0,1.0,2.0],
 "ber": [5.088e-01,4.976e-01,5.063e-01,4.937e-01,4.961e-01,4.998e-01,5.007e-01,4.980e-01,5.168e-01,4.707e-01,4.729e-01,4.797e-01,4.768e-01,3.730e-01,1.976e-01,3.130e-02,2.308e-03,7.370e-05,1.024e-06,0.000e+00]
},
{
 "name": "CDMA IS-95A",
 "decode_type": "SOFT8",
 "simd_type": "SIMD_NEON",
 "K": 9,
 "R": 2,
 "G": [491,369],
 "EbNo_dB": [-17.0,-16.0,-15.0,-14.0,-13.0,-12.0,-11.0,-10.0,-9.0,-8.0,-7.0,-6.0,-5.0,-4.0,-3.0,-2.0,-1.0,0.0,1.0,2.0],
 "ber": [4.954e-01,5.127e-01,5.073e-01,4.985e-01,4.998e-01,5.007e-01,5.049e-01,5.098e-01,5.085e-01,4.844e-01,4.763e-01,4.861e-01,4.773e-01,3.772e-01,2.299e-01,4.272e-02,3.691e-03,1.469e-04,4.095e-06,0.000e+00]
},
{
 "name": "DAB Radio",
 "decode_type": "SOFT8",
 "simd_type": "SIMD_NEON",
 "K": 7,
 "R": 4,
 "G": [109,79,83,109],
 "EbNo_dB": [-15.0,-14.5,-14.0,-13.5,-13.0,-12.5,-12.0,-11.5,-11.0,-10.5,-10.0,-9.5,-9.0,-8.5,-8.0,-7.5,-7.0,-6.5,-6.0,-5.5,-5.0,-4.5,-4.0,-3.5,-3.0],
 "ber": [4.958e-01,4.692e-01,4.849e-01,4.666e-01,4.783e-01,4.712e-01,4.353e-01,4.236e-01,4.021e-01,3.110e-01,3.091e-01,1.774e-01,1.188e-01,6.940e-02,2.621e-02,1.069e-02,3.705e-03,1.245e-03,2.908e-04,6.526e-05,1.433e-05,2.559e-06,1.791e-06,7.677e-07,0.000e+00]
},
{
 "name": "DAB Radio",
 "decode_type": "HARD8",
 "simd_type": "SIMD_NEON",
 "K": 7,
 "R": 4,
 "G": [109,79,83,109],
 "EbNo_dB": [-15.0,-14.5,-14.0,-13.5,-13.0,-12.5,-12.0,-11.5,-11.0,-10.5,-10.0,-9.5,-9.0,-8.5,-8.0,-7.5,-7.0,-6.5,-6.0,-5.5,-5.0,-4.5,-4.0,-3.5,-3.0],
 "ber": [4.976e-01,4.832e-01,5.012e-01,4.690e-01,4.602e-01,4.795e-01,4.434e-01,4.766e-01,4.363e-01,3.831e-01,3.586e-01,2.555e-01,1.891e-01,1.211e-01,6.182e-02,2.797e-02,1.450e-02,4.741e-03,1.712e-03,5.629e-04,1.297e-04,3.352e-05,4.095e-06,5.118e-07,0.000e+00]
},
{
 "name": "CDMA IS-95A",
 "decode_type": "HARD8",
 "simd_type": "SIMD_NEON",
 "K": 9,
 "R": 2,
 "G": [491,369],
 "EbNo_dB": [-17.0,-16.0,-15.0,-14.0,-13.0,-12.0,-11.0,-10.0,-9.0,-8.0,-7.0,-6.0,-5.0,-4.0,-3.0,-2.0,-1.0,0.0,1.0,2.0,3.0],
 "ber": [5.059e-01,5.039e-01,5.061e-01,4.924e-01,4.995e-01,4.915e-01,5.029e-01,4.910e-01,4.976e-01,4.976e-01,4.927e-01,4.946e-01,4.866e-01,4.314e-01,3.193e-01,1.559e-01,2.583e-02,2.367e-03,1.469e-04,7.677e-06,0.000e+00]
},
{
 "name": "CDMA IS-95A",
 "decode_type": "SOFT16",
 "simd_type": "SCALAR",
 "K": 9,
 "R": 2,
 "G": [491,369],
 "EbNo_dB": [-17.0,-16.0,-15.0,-14.0,-13.0,-12.0,-11.0,-10.0,-9.0,-8.0,-7.0,-6.0,-5.0,-4.0,-3.0,-2.0,-1.0,0.0,1.0,2.0],
 "ber": [5.088e-01,4.976e-01,5.061e-01,5.005e-01,4.988e-01,5.005e-01,5.007e-01,4.980e-01,5.168e-01,4.712e-01,4.734e-01,4.797e-01,4.768e-01,3.748e-01,1.990e-01,3.147e-02,2.326e-03,7.370e-05,1.024e-06,0.000e+00]
},
{
 "name": "Basic K=5 R=1/2",
 "decode_type": "SOFT16",
 "simd_type": "SCALAR",
 "K": 5,
 "R": 2,
 "G": [23,25],
 "EbNo_dB": [-7.0,-6.0,-5.0,-4.0,-3.0,-2.0,-1.0,0.0,1.0,2.0,3.0,4.0],
 "ber": [4.270e-01,4.133e-01,3.542e-01,2.570e-01,1.423e-01,4.842e-02,1.098e-02,1.736e-03,1.718e-04,1.104e-05,2.560e-07,0.000e+00]
},
{
 "name": "CDMA 2000",
 "decode_type": "SOFT16",
 "simd_type": "SIMD_NEON",
 "K": 9,
 "R": 4,
 "G": [501,441,331,315],
 "EbNo_dB": [-17.0,-16.5,-16.0,-15.5,-15.0,-14.5,-14.0,-13.5,-13.0,-12.5,-12.0,-11.5,-11.0,-10.5,-10.0,-9.5,-9.0,-8.5,-8.0,-7.5,-7.0,-6.5,-6.0,-5.5],
 "ber": [4.905e-01,4.907e-01,4.956e-01,5.098e-01,4.988e-01,4.626e-01,4.856e-01,4.827e-01,4.639e-01,4.666e-01,4.502e-01,4.480e-01,3.210e-01,3.115e-01,2.157e-01,1.259e-01,6.685e-02,2.816e-02,9.234e-03,2.777e-03,5.118e-04,1.144e-04,2.043e-06,0.000e+00]
},
{
 "name": "DAB Radio",
 "decode_type": "HARD8",
 "simd_type": "SCALAR",
 "K": 7,
 "R": 4,
 "G": [109,79,83,109],
 "EbNo_dB": [-15.0,-14.5,-14.0,-13.5,-13.0,-12.5,-12.0,-11.5,-11.0,-10.5,-10.0,-9.5,-9.0,-8.5,-8.0,-7.5,-7.0,-6.5,-6.0,-5.5,-5.0,-4.5,-4.0,-3.5,-3.0],
 "ber": [4.912e-01,4.802e-01,4.919e-01,4.580e-01,4.707e-01,4.810e-01,4.436e-01,4.739e-01,4.106e-01,3.735e-01,3.679e-01,2.927e-01,1.962e-01,1.381e-01,7.062e-02,3.578e-02,1.338e-02,5.831e-03,1.494e-03,5.375e-04,1.305e-04,2.585e-05,5.118e-06,1.024e-06,0.000e+00]
},
{
 "name": "CDMA IS-95A",
 "decode_type": "HARD8",
 "simd_type": "SCALAR",
 "K": 9,
 "R": 2,
 "G": [491,369],
 "EbNo_dB": [-17.0,-16.0,-15.0,-14.0,-13.0,-12.0,-11.0,-10.0,-9.0,-8.0,-7.0,-6.0,-5.0,-4.0,-3.0,-2.0,-1.0,0.0,1.0,2.0,3.0],
 "ber": [4.998e-01,5.090e-01,5.049e-01,5.000e-01,4.983e-01,4.907e-01,4.956e-01,4.890e-01,4.963e-01,4.858e-01,5.051e-01,4.915e-01,4.792e-01,4.385e-01,3.003e-01,1.470e-01,2.548e-02,3.274e-03,1.274e-04,4.095e-06,0.000e+00]
},
{
 "name": "CDMA 2000",
 "decode_type": "SOFT8",
 "simd_type": "SIMD_NEON",
 "K": 9,
 "R": 4,
 "G": [501,441,331,315],
 "EbNo_dB": [-17.0,-16.5,-16.0,-15.5,-15.0,-14.5,-14.0,-13.5,-13.0,-12.5,-12.0,-11.5,-11.0,-10.5,-10.0,-9.5,-9.0,-8.5,-8.0,-7.5,-7.0,-6.5,-6.0,-5.5,-5.0],
 "ber": [4.978e-01,4.861e-01,4.907e-01,5.083e-01,4.983e-01,4.763e-01,4.861e-01,4.807e-01,4.563e-01,4.592e-01,4.431e-01,4.431e-01,3.303e-01,3.262e-01,2.756e-01,1.143e-01,7.581e-02,3.700e-02,1.102e-02,3.087e-03,8.203e-04,1.195e-04,3.167e-05,2.043e-06,0.000e+00]
},
{
 "name": "Cassini",
 "decode_type": "SOFT16",
 "simd_type": "SIMD_NEON",
 "K": 15,
 "R": 6,
 "G": [17817,20133,23879,30451,32439,26975],
 "EbNo_dB": [-17.0,-16.5,-16.0,-15.5,-15.0,-14.5,-14.0,-13.5,-13.0,-12.5,-12.0,-11.5,-11.0],
 "ber": [4.954e-01,5.195e-01,5.010e-01,4.758e-01,4.724e-01,4.189e-01,3.689e-01,2.585e-01,8.179e-02,3.125e-02,5.615e-03,4.069e-04,0.000e+00]
},
{
 "name": "CDMA 2000",
 "decode_type": "HARD8",
 "simd_type": "SIMD_NEON",
 "K": 9,
 "R": 4,
 "G": [501,441,331,315],
 "EbNo_dB": [-17.0,-16.5,-16.0,-15.5,-15.0,-14.5,-14.0,-13.5,-13.0,-12.5,-12.0,-11.5,-11.0,-10.5,-10.0,-9.5,-9.0,-8.5,-8.0,-7.5,-7.0,-6.5,-6.0,-5.5,-5.0,-4.5],
 "ber": [4.905e-01,4.971e-01,4.858e-01,5.183e-01,5.007e-01,4.839e-01,4.880e-01,4.863e-01,4.734e-01,4.612e-01,4.626e-01,4.614e-01,3.943e-01,3.818e-01,3.232e-01,2.681e-01,1.323e-01,9.530e-02,3.990e-02,1.231e-02,4.040e-03,1.202e-03,2.983e-04,6.129e-05,2.043e-06,0.000e+00]
},
{
 "name": "CDMA 2000",
 "decode_type": "SOFT16",
 "simd_type": "SCALAR",
 "K": 9,
 "R": 4,
 "G": [501,441,331,315],
 "EbNo_dB": [-17.0,-16.5,-16.0,-15.5,-15.0,-14.5,-14.0,-13.5,-13.0,-12.5,-12.0,-11.5,-11.0,-10.5,-10.0,-9.5,-9.0,-8.5,-8.0,-7.5,-7.0,-6.5,-6.0,-5.5],
 "ber": [4.905e-01,4.907e-01,4.956e-01,5.117e-01,4.988e-01,4.626e-01,4.849e-01,4.824e-01,4.639e-01,4.666e-01,4.541e-01,4.480e-01,3.210e-01,3.115e-01,2.157e-01,1.262e-01,6.616e-02,2.816e-02,9.251e-03,2.794e-03,5.138e-04,1.144e-04,2.043e-06,0.000e+00]
},
{
 "name": "Cassini",
 "decode_type": "SOFT8",
 "simd_type": "SIMD_NEON",
 "K": 15,
 "R": 6,
 "G": [17817,20133,23879,30451,32439,26975],
 "EbNo_dB": [-17.0,-16.5,-16.0,-15.5,-15.0,-14.5,-14.0,-13.5,-13.0,-12.5,-12.0,-11.5,-11.0],
 "ber": [4.895e-01,5.056e-01,5.002e-01,4.893e-01,4.707e-01,4.287e-01,3.877e-01,2.698e-01,8.862e-02,4.655e-02,7.731e-03,1.709e-03,0.000e+00]
},
{
 "name": "Cassini",
 "decode_type": "HARD8",
 "simd_type": "SIMD_NEON",
 "K": 15,
 "R": 6,
 "G": [17817,20133,23879,30451,32439,26975],
 "EbNo_dB": [-17.0,-16.5,-16.0,-15.5,-15.0,-14.5,-14.0,-13.5,-13.0,-12.5,-12.0,-11.5,-11.0],
 "ber": [5.083e-01,4.980e-01,5.059e-01,4.827e-01,5.103e-01,4.778e-01,4.177e-01,3.643e-01,2.203e-01,1.026e-01,2.856e-02,1.082e-02,0.000e+00]
},
{
 "name": "LTE",
 "decode_type": "SOFT8",
 "simd_type": "SCALAR",
 "K": 7,
 "R": 3,
 "G": [91,117,121],
 "EbNo_dB": [-12.0,-11.5,-11.0,-10.5,-10.0,-9.5,-9.0,-8.5,-8.0,-7.5,-7.0,-6.5,-6.0,-5.5,-5.0,-4.5,-4.0,-3.5,-3.0,-2.5,-2.0,-1.5,-1.0,-0.5,0.0,0.5,1.0,1.5,2.0,2.5,3.0],
 "ber": [4.927e-01,4.856e-01,4.800e-01,4.639e-01,4.636e-01,4.429e-01,3.972e-01,3.425e-01,3.352e-01,2.458e-01,1.895e-01,1.082e-01,6.431e-02,2.203e-02,8.537e-03,3.995e-03,1.311e-03,4.940e-04,3.434e-04,2.236e-04,1.916e-04,1.580e-04,1.501e-04,1.202e-04,9.616e-05,9.194e-05,6.315e-05,5.048e-05,4.395e-05,3.954e-05,3.129e-05]
},
{
 "name": "Voyager",
 "decode_type": "SOFT8",
 "simd_type": "SCALAR",
 "K": 7,
 "R": 2,
 "G": [109,79],
 "EbNo_dB": [-9.0,-8.0,-7.0,-6.0,-5.0,-4.0,-3.0,-2.0,-1.0,0.0,1.0,2.0,3.0,4.0,5.0,6.0,7.0,8.0,9.0,10.0,11.0,12.0],
 "ber": [4.907e-01,4.912e-01,4.707e-01,4.697e-01,4.358e-01,3.040e-01,1.818e-01,5.430e-02,8.021e-03,8.993e-04,1.707e-04,1.198e-04,9.917e-05,6.436e-05,4.581e-05,2.866e-05,1.830e-05,7.294e-06,2.815e-06,1.791e-06,5.118e-07,0.000e+00]
},
{
 "name": "CDMA 2000",
 "decode_type": "HARD8",
 "simd_type": "SCALAR",
 "K": 9,
 "R": 4,
 "G": [501,441,331,315],
 "EbNo_dB": [-17.0,-16.5,-16.0,-15.5,-15.0,-14.5,-14.0,-13.5,-13.0,-12.5,-12.0,-11.5,-11.0,-10.5,-10.0,-9.5,-9.0,-8.5,-8.0,-7.5,-7.0,-6.5,-6.0,-5.5,-5.0,-4.5],
 "ber": [4.878e-01,4.963e-01,4.902e-01,5.156e-01,5.039e-01,4.919e-01,4.849e-01,4.900e-01,4.827e-01,4.631e-01,4.482e-01,4.766e-01,3.938e-01,4.014e-01,3.179e-01,2.305e-01,1.456e-01,8.822e-02,3.613e-02,1.071e-02,3.937e-03,1.158e-03,2.206e-04,6.538e-05,6.129e-06,0.000e+00]
},
{
 "name": "Cassini",
 "decode_type": "SOFT16",
 "simd_type": "SCALAR",
 "K": 15,
 "R": 6,
 "G": [17817,20133,23879,30451,32439,26975],
 "EbNo_dB": [-17.0,-16.5,-16.0,-15.5,-15.0,-14.5,-14.0,-13.5,-13.0,-12.5,-12.0,-11.5,-11.0],
 "ber": [4.963e-01,5.195e-01,5.010e-01,4.758e-01,4.724e-01,4.182e-01,3.689e-01,2.585e-01,8.179e-02,3.125e-02,5.615e-03,4.069e-04,0.000e+00]
},
{
 "name": "Basic K=5 R=1/2",
 "decode_type": "HARD8",
 "simd_type": "SCALAR",
 "K": 5,
 "R": 2,
 "G": [23,25],
 "EbNo_dB": [-7.0,-6.0,-5.0,-4.0,-3.0,-2.0,-1.0,0.0,1.0,2.0,3.0,4.0,5.0,6.0,7.0],
 "ber": [4.507e-01,4.150e-01,3.684e-01,3.208e-01,2.218e-01,1.304e-01,4.643e-02,1.334e-02,2.874e-03,4.845e-04,8.361e-05,1.146e-05,1.184e-06,3.200e-08,0.000e+00]
},
{
 "name": "CDMA 2000",
 "decode_type": "SOFT8",
 "simd_type": "SCALAR",
 "K": 9,
 "R": 4,
 "G": [501,441,331,315],
 "EbNo_dB": [-17.0,-16.5,-16.0,-15.5,-15.0,-14.5,-14.0,-13.5,-13.0,-12.5,-12.0,-11.5,-11.0,-10.5,-10.0,-9.5,-9.0,-8.5,-8.0,-7.5,-7.0,-6.5,-6.0,-5.5,-5.0,-4.5,-4.0,-3.5,-3.0,-2.5,-2.0],
 "ber": [5.027e-01,4.858e-01,4.998e-01,5.022e-01,4.927e-01,4.819e-01,4.871e-01,4.814e-01,4.719e-01,4.568e-01,4.534e-01,4.514e-01,3.430e-01,3.274e-01,2.522e-01,1.227e-01,7.355e-02,3.624e-02,1.144e-02,3.723e-03,1.620e-03,7.641e-04,6.548e-04,6.374e-04,6.037e-04,6.834e-04,5.424e-04,5.424e-04,5.526e-04,5.383e-04,5.700e-04]
},
{
 "name": "DAB Radio",
 "decode_type": "SOFT8",
 "simd_type": "SCALAR",
 "K": 7,
 "R": 4,
 "G": [109,79,83,109],
 "EbNo_dB": [-15.0,-14.5,-14.0,-13.5,-13.0,-12.5,-12.0,-11.5,-11.0,-10.5,-10.0,-9.5,-9.0,-8.5,-8.0,-7.5,-7.0,-6.5,-6.0,-5.5,-5.0,-4.5,-4.0,-3.5,-3.0,-2.5,-2.0,-1.5,-1.0,-0.5,0.0],
 "ber": [4.805e-01,4.724e-01,4.849e-01,4.670e-01,4.739e-01,4.709e-01,4.224e-01,4.287e-01,4.001e-01,3.245e-01,3.003e-01,1.790e-01,1.108e-01,7.190e-02,2.749e-02,1.153e-02,3.850e-03,1.438e-03,5.311e-04,2.934e-04,2.429e-04,2.124e-04,1.953e-04,1.628e-04,1.587e-04,1.446e-04,1.297e-04,9.392e-05,5.937e-05,5.400e-05,5.041e-05]
},
{
 "name": "Cassini",
 "decode_type": "HARD8",
 "simd_type": "SCALAR",
 "K": 15,
 "R": 6,
 "G": [17817,20133,23879,30451,32439,26975],
 "EbNo_dB": [-17.0,-16.5,-16.0,-15.5,-15.0,-14.5,-14.0,-13.5,-13.0,-12.5,-12.0,-11.5,-11.0],
 "ber": [5.066e-01,4.973e-01,5.122e-01,4.854e-01,5.190e-01,4.824e-01,4.263e-01,3.687e-01,2.155e-01,9.920e-02,3.239e-02,1.058e-02,0.000e+00]
},
{
 "name": "CDMA IS-95A",
 "decode_type": "SOFT8",
 "simd_type": "SCALAR",
 "K": 9,
 "R": 2,
 "G": [491,369],
 "EbNo_dB": [-17.0,-16.0,-15.0,-14.0,-13.0,-12.0,-11.0,-10.0,-9.0,-8.0,-7.0,-6.0,-5.0,-4.0,-3.0,-2.0,-1.0,0.0,1.0,2.0,3.0,4.0,5.0,6.0,7.0,8.0,9.0,10.0,11.0,12.0,13.0],
 "ber": [4.958e-01,5.054e-01,4.985e-01,4.958e-01,4.985e-01,5.020e-01,5.088e-01,5.078e-01,5.154e-01,4.802e-01,4.790e-01,5.002e-01,4.656e-01,3.726e-01,2.319e-01,4.143e-02,4.883e-03,8.932e-04,5.210e-04,5.134e-04,4.146e-04,4.115e-04,2.585e-04,2.631e-04,1.669e-04,1.479e-04,6.961e-05,7.370e-05,4.555e-05,3.429e-05,2.764e-05]
},
{
 "name": "Cassini",
 "decode_type": "SOFT8",
 "simd_type": "SCALAR",
 "K": 15,
 "R": 6,
 "G": [17817,20133,23879,30451,32439,26975],
 "EbNo_dB": [-17.0,-16.5,-16.0,-15.5,-15.0,-14.5,-14.0,-13.5,-13.0,-12.5,-12.0,-11.5,-11.0,-10.5,-10.0,-9.5,-9.0,-8.5,-8.0,-7.5,-7.0,-6.5,-6.0,-5.5,-5.0,-4.5,-4.0,-3.5,-3.0,-2.5,-2.0],
 "ber": [4.919e-01,5.061e-01,4.956e-01,4.929e-01,4.731e-01,4.216e-01,3.928e-01,2.651e-01,9.546e-02,4.728e-02,1.245e-02,5.452e-03,4.395e-03,8.382e-03,2.604e-03,5.534e-03,7.324e-03,7.161e-03,1.351e-02,1.025e-02,1.440e-02,1.742e-02,2.344e-02,2.677e-02,2.808e-02,2.987e-02,4.403e-02,5.843e-02,6.999e-02,8.317e-02,1.043e-01]
},
{
 "name": "Basic K=5 R=1/2",
 "decode_type": "SOFT8",
 "simd_type": "SCALAR",
 "K": 5,
 "R": 2,
 "G": [23,25],
 "EbNo_dB": [-7.0,-6.0,-5.0,-4.0,-3.0,-2.0,-1.0,0.0,1.0,2.0,3.0,4.0,5.0,6.0,7.0,8.0,9.0,10.0],
 "ber": [4.341e-01,3.975e-01,3.635e-01,2.627e-01,1.501e-01,6.329e-02,1.318e-02,2.254e-03,3.306e-04,4.104e-05,1.917e-05,8.735e-06,4.000e-06,2.400e-06,1.408e-06,4.800e-07,9.599e-08,0.000e+00]
},
{
 "name": "Basic K=3 R=1/2",
 "decode_type": "SOFT16",
 "simd_type": "SCALAR",
 "K": 3,
 "R": 2,
 "G": [7,5],
 "EbNo_dB": [-5.0,-4.0,-3.0,-2.0,-1.0,0.0,1.0,2.0,3.0,4.0,5.0,6.0],
 "ber": [2.354e-01,1.732e-01,8.903e-02,4.464e-02,1.616e-02,3.752e-03,6.390e-04,8.524e-05,6.976e-06,3.600e-07,1.600e-08,0.000e+00]
},
{
 "name": "Basic K=3 R=1/2",
 "decode_type": "HARD8",
 "simd_type": "SCALAR",
 "K": 3,
 "R": 2,
 "G": [7,5],
 "EbNo_dB": [-5.0,-4.0,-3.0,-2.0,-1.0,0.0,1.0,2.0,3.0,4.0,5.0,6.0,7.0,8.0,9.0],
 "ber": [2.651e-01,2.200e-01,1.580e-01,1.004e-01,4.647e-02,1.852e-02,6.454e-03,1.861e-03,4.789e-04,1.174e-04,2.581e-05,5.352e-06,8.720e-07,6.400e-08,0.000e+00]
},
{
 "name": "Basic K=3 R=1/2",
 "decode_type": "SOFT8",
 "simd_type": "SCALAR",
 "K": 3,
 "R": 2,
 "G": [7,5],
 "EbNo_dB": [-5.0,-4.0,-3.0,-2.0,-1.0,0.0,1.0,2.0,3.0,4.0,5.0,6.0,7.0,8.0,9.0,10.0,11.0],
 "ber": [2.385e-01,1.774e-01,9.953e-02,4.940e-02,1.824e-02,4.988e-03,9.234e-04,1.578e-04,1.917e-05,4.008e-06,1.688e-06,7.040e-07,4.400e-07,1.360e-07,2.400e-08,2.400e-08,0.000e+00]
}
]
