[{
 "name": "Voyager",
 "decode_type": "SOFT16",
 "simd_type": "SIMD_AVX",
 "K": 7,
 "R": 2,
 "G": [109,79],
 "EbNo_dB": [-9.0,-8.0,-7.0,-6.0,-5.0,-4.0,-3.0,-2.0,-1.0,0.0,1.0,2.0,3.0],
 "ber": [4.902e-01,5.005e-01,5.068e-01,4.771e-01,4.390e-01,3.286e-01,1.606e-01,4.276e-02,6.098e-03,4.199e-04,2.278e-05,3.839e-07,0.000e+00]
},
{
 "name": "Voyager",
 "decode_type": "SOFT16",
 "simd_type": "SIMD_SSE",
 "K": 7,
 "R": 2,
 "G": [109,79],
 "EbNo_dB": [-9.0,-8.0,-7.0,-6.0,-5.0,-4.0,-3.0,-2.0,-1.0,0.0,1.0,2.0,3.0],
 "ber": [4.902e-01,5.005e-01,5.068e-01,4.771e-01,4.390e-01,3.286e-01,1.606e-01,4.276e-02,6.098e-03,4.199e-04,2.278e-05,3.839e-07,0.000e+00]
},
{
 "name": "Voyager",
 "decode_type": "SOFT8",
 "simd_type": "SIMD_AVX",
 "K": 7,
 "R": 2,
 "G": [109,79],
 "EbNo_dB": [-9.0,-8.0,-7.0,-6.0,-5.0,-4.0,-3.0,-2.0,-1.0,0.0,1.0,2.0,3.0],
 "ber": [4.922e-01,4.919e-01,4.963e-01,4.858e-01,4.363e-01,3.330e-01,1.848e-01,5.591e-02,8.230e-03,6.264e-04,3.890e-05,3.839e-07,0.000e+00]
},
{
 "name": "Voyager",
 "decode_type": "HARD8",
 "simd_type": "SIMD_AVX",
 "K": 7,
 "R": 2,
 "G": [109,79],
 "EbNo_dB": [-9.0,-8.0,-7.0,-6.0,-5.0,-4.0,-3.0,-2.0,-1.0,0.0,1.0,2.0,3.0,4.0],
 "ber": [4.890e-01,4.929e-01,5.029e-01,4.834e-01,4.463e-01,3.962e-01,2.676e-01,1.289e-01,3.920e-02,7.268e-03,8.212e-04,7.306e-05,6.014e-06,0.000e+00]
},
{
 "name": "Voyager",
 "decode_type": "SOFT8",
 "simd_type": "SIMD_SSE",
 "K": 7,
 "R": 2,
 "G": [109,79],
 "EbNo_dB": [-9.0,-8.0,-7.0,-6.0,-5.0,-4.0,-3.0,-2.0,-1.0,0.0,1.0,2.0,3.0],
 "ber": [4.922e-01,4.919e-01,4.963e-01,4.858e-01,4.363e-01,3.330e-01,1.848e-01,5.591e-02,8.230e-03,6.264e-04,3.890e-05,3.839e-07,0.000e+00]
},
{
 "name": "Voyager",
 "decode_type": "HARD8",
 "simd_type": "SIMD_SSE",
 "K": 7,
 "R": 2,
 "G": [109,79],
 "EbNo_dB": [-9.0,-8.0,-7.0,-6.0,-5.0,-4.0,-3.0,-2.0,-1.0,0.0,1.0,2.0,3.0,4.0],
 "ber": [4.890e-01,4.929e-01,5.029e-01,4.834e-01,4.463e-01,3.962e-01,2.676e-01,1.289e-01,3.920e-02,7.268e-03,8.212e-04,7.306e-05,6.014e-06,0.000e+00]
},
{
 "name": "LTE",
 "decode_type": "SOFT16",
 "simd_type": "SIMD_SSE",
 "K": 7,
 "R": 3,
 "G": [91,117,121],
 "EbNo_dB": [-12.0,-11.5,-11.0,-10.5,-10.0,-9.5,-9.0,-8.5,-8.0,-7.5,-7.0,-6.5,-6.0,-5.5,-5.0,-4.5,-4.0,-3.5,-3.0,-2.5,-2.0,-1.5],
 "ber": [4.836e-01,4.749e-01,4.792e-01,4.812e-01,4.470e-01,4.016e-01,4.001e-01,3.416e-01,2.629e-01,2.307e-01,1.675e-01,8.781e-02,4.862e-02,2.201e-02,6.842e-03,2.160e-03,6.999e-04,1.783e-04,4.184e-05,7.677e-06,5.758e-07,0.000e+00]
},
{
 "name": "Voyager",
 "decode_type": "SOFT16",
 "simd_type": "SCALAR",
 "K": 7,
 "R": 2,
 "G": [109,79],
 "EbNo_dB": [-9.0,-8.0,-7.0,-6.0,-5.0,-4.0,-3.0,-2.0,-1.0,0.0,1.0,2.0,3.0],
 "ber": [4.902e-01,5.005e-01,5.068e-01,4.771e-01,4.390e-01,3.286e-01,1.606e-01,4.276e-02,6.281e-03,4.072e-04,2.188e-05,3.839e-07,0.000e+00]
},
{
 "name": "LTE",
 "decode_type": "SOFT16",
 "simd_type": "SIMD_AVX",
 "K": 7,
 "R": 3,
 "G": [91,117,121],
 "EbNo_dB": [-12.0,-11.5,-11.0,-10.5,-10.0,-9.5,-9.0,-8.5,-8.0,-7.5,-7.0,-6.5,-6.0,-5.5,-5.0,-4.5,-4.0,-3.5,-3.0,-2.5,-2.0,-1.5],
 "ber": [4.836e-01,4.749e-01,4.792e-01,4.812e-01,4.470e-01,4.016e-01,4.001e-01,3.416e-01,2.629e-01,2.307e-01,1.675e-01,8.781e-02,4.862e-02,2.201e-02,6.842e-03,2.160e-03,6.999e-04,1.783e-04,4.184e-05,7.677e-06,5.758e-07,0.000e+00]
},
{
 "name": "LTE",
 "decode_type": "SOFT8",
 "simd_type": "SIMD_AVX",
 "K": 7,
 "R": 3,
 "G": [91,117,121],
 "EbNo_dB": [-12.0,-11.5,-11.0,-10.5,-10.0,-9.5,-9.0,-8.5,-8.0,-7.5,-7.0,-6.5,-6.0,-5.5,-5.0,-4.5,-4.0,-3.5,-3.0,-2.5,-2.0,-1.5,-1.0],
 "ber": [4.744e-01,4.707e-01,4.744e-01,4.807e-01,4.446e-01,4.302e-01,3.750e-01,3.660e-01,2.947e-01,2.476e-01,1.680e-01,1.022e-01,5.261e-02,2.315e-02,8.772e-03,2.723e-03,9.066e-04,2.300e-04,6.583e-05,1.420e-05,1.152e-06,5.758e-07,0.000e+00]
},
{
 "name": "Basic K=5 R=1/2",
 "decode_type": "SOFT16",
 "simd_type": "SIMD_SSE",
 "K": 5,
 "R": 2,
 "G": [23,25],
 "EbNo_dB": [-7.0,-6.0,-5.0,-4.0,-3.0,-2.0,-1.0,0.0,1.0,2.0,3.0,4.0],
 "ber": [4.250e-01,3.914e-01,3.325e-01,2.491e-01,1.143e-01,5.522e-02,1.139e-02,1.670e-03,1.641e-04,8.639e-06,4.160e-07,0.000e+00]
},
{
 "name": "LTE",
 "decode_type": "SOFT8",
 "simd_type": "SIMD_SSE",
 "K": 7,
 "R": 3,
 "G": [91,117,121],
 "EbNo_dB": [-12.0,-11.5,-11.0,-10.5,-10.0,-9.5,-9.0,-8.5,-8.0,-7.5,-7.0,-6.5,-6.0,-5.5,-5.0,-4.5,-4.0,-3.5,-3.0,-2.5,-2.0,-1.5,-1.0],
 "ber": [4.744e-01,4.707e-01,4.744e-01,4.807e-01,4.446e-01,4.302e-01,3.750e-01,3.660e-01,2.947e-01,2.476e-01,1.680e-01,1.022e-01,5.261e-02,2.315e-02,8.772e-03,2.723e-03,9.066e-04,2.300e-04,6.583e-05,1.420e-05,1.152e-06,5.758e-07,0.000e+00]
},
{
 "name": "Voyager",
 "decode_type": "HARD8",
 "simd_type": "SCALAR",
 "K": 7,
 "R": 2,
 "G": [109,79],
 "EbNo_dB": [-9.0,-8.0,-7.0,-6.0,-5.0,-4.0,-3.0,-2.0,-1.0,0.0,1.0,2.0,3.0,4.0,5.0],
 "ber": [5.032e-01,4.951e-01,4.875e-01,4.758e-01,4.492e-01,3.694e-01,2.505e-01,1.301e-01,3.620e-02,7.019e-03,9.076e-04,6.385e-05,2.687e-06,1.280e-07,0.000e+00]
},
{
 "name": "LTE",
 "decode_type": "SOFT16",
 "simd_type": "SCALAR",
 "K": 7,
 "R": 3,
 "G": [91,117,121],
 "EbNo_dB": [-12.0,-11.5,-11.0,-10.5,-10.0,-9.5,-9.0,-8.5,-8.0,-7.5,-7.0,-6.5,-6.0,-5.5,-5.0,-4.5,-4.0,-3.5,-3.0,-2.5,-2.0,-1.5],
 "ber": [4.851e-01,4.749e-01,4.792e-01,4.810e-01,4.470e-01,4.016e-01,3.970e-01,3.369e-01,2.644e-01,2.313e-01,1.675e-01,8.822e-02,4.862e-02,2.201e-02,6.830e-03,2.156e-03,6.972e-04,1.816e-04,4.203e-05,7.677e-06,5.758e-07,0.000e+00]
},
{
 "name": "DAB Radio",
 "decode_type": "SOFT16",
 "simd_type": "SIMD_AVX",
 "K": 7,
 "R": 4,
 "G": [109,79,83,109],
 "EbNo_dB": [-15.0,-14.5,-14.0,-13.5,-13.0,-12.5,-12.0,-11.5,-11.0,-10.5,-10.0,-9.5,-9.0,-8.5,-8.0,-7.5,-7.0,-6.5,-6.0,-5.5,-5.0,-4.5,-4.0],
 "ber": [4.802e-01,4.709e-01,4.968e-01,4.905e-01,4.807e-01,4.668e-01,4.182e-01,4.182e-01,3.484e-01,3.594e-01,2.671e-01,1.808e-01,1.117e-01,6.611e-02,2.568e-02,1.097e-02,3.428e-03,8.065e-04,2.093e-04,4.939e-05,1.177e-05,2.559e-07,0.000e+00]
},
{
 "name": "DAB Radio",
 "decode_type": "SOFT16",
 "simd_type": "SIMD_SSE",
 "K": 7,
 "R": 4,
 "G": [109,79,83,109],
 "EbNo_dB": [-15.0,-14.5,-14.0,-13.5,-13.0,-12.5,-12.0,-11.5,-11.0,-10.5,-10.0,-9.5,-9.0,-8.5,-8.0,-7.5,-7.0,-6.5,-6.0,-5.5,-5.0,-4.5,-4.0],
 "ber": [4.802e-01,4.709e-01,4.968e-01,4.905e-01,4.807e-01,4.668e-01,4.182e-01,4.182e-01,3.484e-01,3.594e-01,2.671e-01,1.808e-01,1.117e-01,6.611e-02,2.568e-02,1.097e-02,3.428e-03,8.065e-04,2.093e-04,4.939e-05,1.177e-05,2.559e-07,0.000e+00]
},
{
 "name": "Basic K=5 R=1/2",
 "decode_type": "SOFT16",
 "simd_type": "SCALAR",
 "K": 5,
 "R": 2,
 "G": [23,25],
 "EbNo_dB": [-7.0,-6.0,-5.0,-4.0,-3.0,-2.0,-1.0,0.0,1.0,2.0,3.0,4.0],
 "ber": [4.250e-01,3.911e-01,3.320e-01,2.491e-01,1.151e-01,5.508e-02,1.151e-02,1.668e-03,1.621e-04,8.735e-06,4.160e-07,0.000e+00]
},
{
 "name": "LTE",
 "decode_type": "HARD8",
 "simd_type": "SIMD_SSE",
 "K": 7,
 "R": 3,
 "G": [91,117,121],
 "EbNo_dB": [-12.0,-11.5,-11.0,-10.5,-10.0,-9.5,-9.0,-8.5,-8.0,-7.5,-7.0,-6.5,-6.0,-5.5,-5.0,-4.5,-4.0,-3.5,-3.0,-2.5,-2.0,-1.5,-1.0,-0.5,0.0],
 "ber": [4.871e-01,4.639e-01,4.758e-01,4.585e-01,4.646e-01,4.419e-01,4.324e-01,3.982e-01,3.499e-01,2.949e-01,2.632e-01,1.871e-01,1.121e-01,6.045e-02,3.452e-02,1.222e-02,4.585e-03,1.665e-03,5.950e-04,1.505e-04,4.376e-05,9.405e-06,3.839e-07,5.758e-07,0.000e+00]
},
{
 "name": "LTE",
 "decode_type": "HARD8",
 "simd_type": "SIMD_AVX",
 "K": 7,
 "R": 3,
 "G": [91,117,121],
 "EbNo_dB": [-12.0,-11.5,-11.0,-10.5,-10.0,-9.5,-9.0,-8.5,-8.0,-7.5,-7.0,-6.5,-6.0,-5.5,-5.0,-4.5,-4.0,-3.5,-3.0,-2.5,-2.0,-1.5,-1.0,-0.5,0.0],
 "ber": [4.871e-01,4.639e-01,4.758e-01,4.585e-01,4.646e-01,4.419e-01,4.324e-01,3.982e-01,3.499e-01,2.949e-01,2.632e-01,1.871e-01,1.121e-01,6.045e-02,3.452e-02,1.222e-02,4.585e-03,1.665e-03,5.950e-04,1.505e-04,4.376e-05,9.405e-06,3.839e-07,5.758e-07,0.000e+00]
},
{
 "name": "DAB Radio",
 "decode_type": "SOFT16",
 "simd_type": "SCALAR",
 "K": 7,
 "R": 4,
 "G": [109,79,83,109],
 "EbNo_dB": [-15.0,-14.5,-14.0,-13.5,-13.0,-12.5,-12.0,-11.5,-11.0,-10.5,-10.0,-9.5,-9.0,-8.5,-8.0,-7.5,-7.0,-6.5,-6.0,-5.5,-5.0,-4.5,-4.0],
 "ber": [4.802e-01,4.709e-01,4.983e-01,4.883e-01,4.810e-01,4.668e-01,4.182e-01,4.182e-01,3.484e-01,3.594e-01,2.671e-01,1.814e-01,1.117e-01,6.650e-02,2.605e-02,1.099e-02,3.428e-03,8.117e-04,2.073e-04,4.939e-05,1.152e-05,2.559e-07,0.000e+00]
},
{
 "name": "DAB Radio",
 "decode_type": "SOFT8",
 "simd_type": "SIMD_SSE",
 "K": 7,
 "R": 4,
 "G": [109,79,83,109],
 "EbNo_dB": [-15.0,-14.5,-14.0,-13.5,-13.0,-12.5,-12.0,-11.5,-11.0,-10.5,-10.0,-9.5,-9.0,-8.5,-8.0,-7.5,-7.0,-6.5,-6.0,-5.5,-5.0,-4.5,-4.0,-3.5],
 "ber": [4.966e-01,4.800e-01,5.068e-01,4.946e-01,4.817e-01,4.805e-01,4.290e-01,4.463e-01,3.645e-01,3.647e-01,2.812e-01,1.981e-01,1.232e-01,6.860e-02,3.137e-02,1.064e-02,4.032e-03,1.144e-03,2.930e-04,7.626e-05,1.663e-05,1.024e-06,2.559e-07,0.000e+00]
},
{
 "name": "CDMA IS-95A",
 "decode_type": "SOFT16",
 "simd_type": "SIMD_SSE",
 "K": 9,
 "R": 2,
 "G": [491,369],
 "EbNo_dB": [-17.0,-16.0,-15.0,-14.0,-13.0,-12.0,-11.0,-10.0,-9.0,-8.0,-7.0,-6.0,-5.0,-4.0,-3.0,-2.0,-1.0,0.0,1.0,2.0],
 "ber": [4.958e-01,4.990e-01,4.895e-01,5.042e-01,5.027e-01,5.022e-01,5.105e-01,5.188e-01,5.210e-01,4.895e-01,4.871e-01,4.758e-01,4.602e-01,3.806e-01,1.986e-01,3.725e-02,2.219e-03,1.198e-04,1.024e-06,0.000e+00]
},
{
 "name": "DAB Radio",
 "decode_type": "SOFT8",
 "simd_type": "SIMD_AVX",
 "K": 7,
 "R": 4,
 "G": [109,79,83,109],
 "EbNo_dB": [-15.0,-14.5,-14.0,-13.5,-13.0,-12.5,-12.0,-11.5,-11.0,-10.5,-10.0,-9.5,-9.0,-8.5,-8.0,-7.5,-7.0,-6.5,-6.0,-5.5,-5.0,-4.5,-4.0,-3.5],
 "ber": [4.966e-01,4.800e-01,5.068e-01,4.946e-01,4.817e-01,4.805e-01,4.290e-01,4.463e-01,3.645e-01,3.647e-01,2.812e-01,1.981e-01,1.232e-01,6.860e-02,3.137e-02,1.064e-02,4.032e-03,1.144e-03,2.930e-04,7.626e-05,1.663e-05,1.024e-06,2.559e-07,0.000e+00]
},
{
 "name": "CDMA IS-95A",
 "decode_type": "SOFT16",
 "simd_type": "SIMD_AVX",
 "K": 9,
 "R": 2,
 "G": [491,369],
 "EbNo_dB": [-17.0,-16.0,-15.0,-14.0,-13.0,-12.0,-11.0,-10.0,-9.0,-8.0,-7.0,-6.0,-5.0,-4.0,-3.0,-2.0,-1.0,0.0,1.0,2.0],
 "ber": [4.958e-01,4.990e-01,4.895e-01,5.042e-01,5.027e-01,5.022e-01,5.105e-01,5.188e-01,5.210e-01,4.895e-01,4.871e-01,4.758e-01,4.602e-01,3.806e-01,1.986e-01,3.725e-02,2.219e-03,1.198e-04,1.024e-06,0.000e+00]
},
{
 "name": "CDMA IS-95A",
 "decode_type": "SOFT16",
 "simd_type": "SCALAR",
 "K": 9,
 "R": 2,
 "G": [491,369],
 "EbNo_dB": [-17.0,-16.0,-15.0,-14.0,-13.0,-12.0,-11.0,-10.0,-9.0,-8.0,-7.0,-6.0,-5.0,-4.0,-3.0,-2.0,-1.0,0.0,1.0,2.0],
 "ber": [4.958e-01,4.990e-01,4.873e-01,4.985e-01,5.027e-01,5.066e-01,5.105e-01,5.188e-01,5.210e-01,4.895e-01,4.871e-01,4.758e-01,4.602e-01,3.770e-01,1.990e-01,3.676e-02,2.212e-03,1.223e-04,1.024e-06,0.000e+00]
},
{
 "name": "CDMA IS-95A",
 "decode_type": "SOFT8",
 "simd_type": "SIMD_SSE",
 "K": 9,
 "R": 2,
 "G": [491,369],
 "EbNo_dB": [-17.0,-16.0,-15.0,-14.0,-13.0,-12.0,-11.0,-10.0,-9.0,-8.0,-7.0,-6.0,-5.0,-4.0,-3.0,-2.0,-1.0,0.0,1.0,2.0],
 "ber": [4.939e-01,4.761e-01,4.858e-01,4.907e-01,4.978e-01,4.944e-01,5.095e-01,5.129e-01,5.061e-01,4.731e-01,4.900e-01,4.719e-01,4.521e-01,3.882e-01,1.952e-01,5.615e-02,3.346e-03,1.730e-04,3.583e-06,0.000e+00]
},
{
 "name": "CDMA IS-95A",
 "decode_type": "SOFT8",
 "simd_type": "SIMD_AVX",
 "K": 9,
 "R": 2,
 "G": [491,369],
 "EbNo_dB": [-17.0,-16.0,-15.0,-14.0,-13.0,-12.0,-11.0,-10.0,-9.0,-8.0,-7.0,-6.0,-5.0,-4.0,-3.0,-2.0,-1.0,0.0,1.0,2.0],
 "ber": [4.939e-01,4.761e-01,4.858e-01,4.907e-01,4.978e-01,4.944e-01,5.095e-01,5.129e-01,5.061e-01,4.731e-01,4.900e-01,4.719e-01,4.521e-01,3.882e-01,1.952e-01,5.615e-02,3.346e-03,1.730e-04,3.583e-06,0.000e+00]
},
{
 "name": "DAB Radio",
 "decode_type": "HARD8",
 "simd_type": "SIMD_SSE",
 "K": 7,
 "R": 4,
 "G": [109,79,83,109],
 "EbNo_dB": [-15.0,-14.5,-14.0,-13.5,-13.0,-12.5,-12.0,-11.5,-11.0,-10.5,-10.0,-9.5,-9.0,-8.5,-8.0,-7.5,-7.0,-6.5,-6.0,-5.5,-5.0,-4.5,-4.0,-3.5,-3.0,-2.5],
 "ber": [4.890e-01,4.968e-01,4.958e-01,4.854e-01,4.771e-01,4.817e-01,4.617e-01,4.407e-01,3.865e-01,3.545e-01,3.279e-01,2.615e-01,2.052e-01,1.410e-01,7.684e-02,3.627e-02,1.550e-02,6.011e-03,1.719e-03,6.142e-04,1.392e-04,4.197e-05,1.024e-05,7.677e-07,7.677e-07,0.000e+00]
},
{
 "name": "DAB Radio",
 "decode_type": "HARD8",
 "simd_type": "SIMD_AVX",
 "K": 7,
 "R": 4,
 "G": [109,79,83,109],
 "EbNo_dB": [-15.0,-14.5,-14.0,-13.5,-13.0,-12.5,-12.0,-11.5,-11.0,-10.5,-10.0,-9.5,-9.0,-8.5,-8.0,-7.5,-7.0,-6.5,-6.0,-5.5,-5.0,-4.5,-4.0,-3.5,-3.0,-2.5],
 "ber": [4.890e-01,4.968e-01,4.958e-01,4.854e-01,4.771e-01,4.817e-01,4.617e-01,4.407e-01,3.865e-01,3.545e-01,3.279e-01,2.615e-01,2.052e-01,1.410e-01,7.684e-02,3.627e-02,1.550e-02,6.011e-03,1.719e-03,6.142e-04,1.392e-04,4.197e-05,1.024e-05,7.677e-07,7.677e-07,0.000e+00]
},
{
 "name": "CDMA IS-95A",
 "decode_type": "HARD8",
 "simd_type": "SIMD_AVX",
 "K": 9,
 "R": 2,
 "G": [491,369],
 "EbNo_dB": [-17.0,-16.0,-15.0,-14.0,-13.0,-12.0,-11.0,-10.0,-9.0,-8.0,-7.0,-6.0,-5.0,-4.0,-3.0,-2.0,-1.0,0.0,1.0,2.0,3.0],
 "ber": [4.941e-01,4.944e-01,4.990e-01,5.117e-01,4.875e-01,5.005e-01,4.973e-01,4.822e-01,5.056e-01,4.958e-01,4.890e-01,4.922e-01,4.836e-01,4.321e-01,3.154e-01,1.437e-01,2.472e-02,2.720e-03,1.740e-04,2.047e-06,0.000e+00]
},
{
 "name": "CDMA IS-95A",
 "decode_type": "HARD8",
 "simd_type": "SIMD_SSE",
 "K": 9,
 "R": 2,
 "G": [491,369],
 "EbNo_dB": [-17.0,-16.0,-15.0,-14.0,-13.0,-12.0,-11.0,-10.0,-9.0,-8.0,-7.0,-6.0,-5.0,-4.0,-3.0,-2.0,-1.0,0.0,1.0,2.0,3.0],
 "ber": [4.941e-01,4.944e-01,4.990e-01,5.117e-01,4.875e-01,5.005e-01,4.973e-01,4.822e-01,5.056e-01,4.958e-01,4.890e-01,4.922e-01,4.836e-01,4.321e-01,3.154e-01,1.437e-01,2.472e-02,2.720e-03,1.740e-04,2.047e-06,0.000e+00]
},
{
 "name": "CDMA 2000",
 "decode_type": "SOFT16",
 "simd_type": "SIMD_SSE",
 "K": 9,
 "R": 4,
 "G": [501,441,331,315],
 "EbNo_dB": [-17.0,-16.5,-16.0,-15.5,-15.0,-14.5,-14.0,-13.5,-13.0,-12.5,-12.0,-11.5,-11.0,-10.5,-10.0,-9.5,-9.0,-8.5,-8.0,-7.5,-7.0,-6.5,-6.0,-5.5],
 "ber": [4.990e-01,4.854e-01,4.905e-01,5.002e-01,4.929e-01,5.020e-01,4.912e-01,4.866e-01,4.727e-01,4.661e-01,4.417e-01,4.028e-01,3.789e-01,2.603e-01,2.207e-01,1.149e-01,5.762e-02,2.439e-02,9.443e-03,2.627e-03,5.537e-04,9.806e-05,1.941e-05,0.000e+00]
},
{
 "name": "CDMA 2000",
 "decode_type": "SOFT16",
 "simd_type": "SIMD_AVX",
 "K": 9,
 "R": 4,
 "G": [501,441,331,315],
 "EbNo_dB": [-17.0,-16.5,-16.0,-15.5,-15.0,-14.5,-14.0,-13.5,-13.0,-12.5,-12.0,-11.5,-11.0,-10.5,-10.0,-9.5,-9.0,-8.5,-8.0,-7.5,-7.0,-6.5,-6.0,-5.5],
 "ber": [4.990e-01,4.854e-01,4.905e-01,5.002e-01,4.929e-01,5.020e-01,4.912e-01,4.866e-01,4.727e-01,4.661e-01,4.417e-01,4.028e-01,3.789e-01,2.603e-01,2.207e-01,1.149e-01,5.762e-02,2.439e-02,9.443e-03,2.627e-03,5.537e-04,9.806e-05,1.941e-05,0.000e+00]
},
{
 "name": "LTE",
 "decode_type": "HARD8",
 "simd_type": "SCALAR",
 "K": 7,
 "R": 3,
 "G": [91,117,121],
 "EbNo_dB": [-12.0,-11.5,-11.0,-10.5,-10.0,-9.5,-9.0,-8.5,-8.0,-7.5,-7.0,-6.5,-6.0,-5.5,-5.0,-4.5,-4.0,-3.5,-3.0,-2.5,-2.0,-1.5,-1.0,-0.5,0.0],
 "ber": [4.998e-01,4.729e-01,4.900e-01,4.766e-01,4.656e-01,4.412e-01,4.307e-01,3.855e-01,3.538e-01,2.791e-01,2.651e-01,1.783e-01,1.069e-01,6.372e-02,3.366e-02,1.323e-02,4.786e-03,1.689e-03,6.062e-04,1.854e-04,4.837e-05,8.637e-06,2.111e-06,1.919e-07,0.000e+00]
},
{
 "name": "CDMA 2000",
 "decode_type": "SOFT8",
 "simd_type": "SIMD_SSE",
 "K": 9,
 "R": 4,
 "G": [501,441,331,315],
 "EbNo_dB": [-17.0,-16.5,-16.0,-15.5,-15.0,-14.5,-14.0,-13.5,-13.0,-12.5,-12.0,-11.5,-11.0,-10.5,-10.0,-9.5,-9.0,-8.5,-8.0,-7.5,-7.0,-6.5,-6.0,-5.5],
 "ber": [5.071e-01,4.880e-01,4.963e-01,5.063e-01,5.054e-01,4.961e-01,5.020e-01,4.883e-01,4.873e-01,4.888e-01,4.707e-01,4.248e-01,3.853e-01,2.935e-01,2.534e-01,1.227e-01,6.873e-02,3.000e-02,1.002e-02,3.318e-03,7.426e-04,1.992e-04,2.962e-05,0.000e+00]
},
{
 "name": "CDMA 2000",
 "decode_type": "SOFT8",
 "simd_type": "SIMD_AVX",
 "K": 9,
 "R": 4,
 "G": [501,441,331,315],
 "EbNo_dB": [-17.0,-16.5,-16.0,-15.5,-15.0,-14.5,-14.0,-13.5,-13.0,-12.5,-12.0,-11.5,-11.0,-10.5,-10.0,-9.5,-9.0,-8.5,-8.0,-7.5,-7.0,-6.5,-6.0,-5.5],
 "ber": [5.071e-01,4.880e-01,4.963e-01,5.063e-01,5.054e-01,4.961e-01,5.020e-01,4.883e-01,4.873e-01,4.888e-01,4.707e-01,4.248e-01,3.853e-01,2.935e-01,2.534e-01,1.227e-01,6.873e-02,3.000e-02,1.002e-02,3.318e-03,7.426e-04,1.992e-04,2.962e-05,0.000e+00]
},
{
 "name": "DAB Radio",
 "decode_type": "HARD8",
 "simd_type": "SCALAR",
 "K": 7,
 "R": 4,
 "G": [109,79,83,109],
 "EbNo_dB": [-15.0,-14.5,-14.0,-13.5,-13.0,-12.5,-12.0,-11.5,-11.0,-10.5,-10.0,-9.5,-9.0,-8.5,-8.0,-7.5,-7.0,-6.5,-6.0,-5.5,-5.0,-4.5,-4.0,-3.5,-3.0],
 "ber": [4.941e-01,5.076e-01,4.973e-01,4.771e-01,4.790e-01,4.822e-01,4.646e-01,4.370e-01,3.875e-01,3.547e-01,3.430e-01,2.740e-01,1.876e-01,1.538e-01,8.459e-02,3.558e-02,1.512e-02,5.928e-03,1.640e-03,5.643e-04,1.408e-04,4.786e-05,1.126e-05,7.677e-07,0.000e+00]
},
{
 "name": "CDMA 2000",
 "decode_type": "HARD8",
 "simd_type": "SIMD_SSE",
 "K": 9,
 "R": 4,
 "G": [501,441,331,315],
 "EbNo_dB": [-17.0,-16.5,-16.0,-15.5,-15.0,-14.5,-14.0,-13.5,-13.0,-12.5,-12.0,-11.5,-11.0,-10.5,-10.0,-9.5,-9.0,-8.5,-8.0,-7.5,-7.0,-6.5,-6.0,-5.5,-5.0,-4.5],
 "ber": [5.024e-01,4.990e-01,4.861e-01,5.081e-01,5.010e-01,4.963e-01,5.120e-01,4.768e-01,4.893e-01,4.944e-01,4.753e-01,4.524e-01,4.453e-01,3.472e-01,3.008e-01,2.749e-01,1.307e-01,7.996e-02,3.704e-02,1.196e-02,3.779e-03,1.126e-03,2.339e-04,2.962e-05,1.941e-05,0.000e+00]
},
{
 "name": "CDMA 2000",
 "decode_type": "HARD8",
 "simd_type": "SIMD_AVX",
 "K": 9,
 "R": 4,
 "G": [501,441,331,315],
 "EbNo_dB": [-17.0,-16.5,-16.0,-15.5,-15.0,-14.5,-14.0,-13.5,-13.0,-12.5,-12.0,-11.5,-11.0,-10.5,-10.0,-9.5,-9.0,-8.5,-8.0,-7.5,-7.0,-6.5,-6.0,-5.5,-5.0,-4.5],
 "ber": [5.024e-01,4.990e-01,4.861e-01,5.081e-01,5.010e-01,4.963e-01,5.120e-01,4.768e-01,4.893e-01,4.944e-01,4.753e-01,4.524e-01,4.453e-01,3.472e-01,3.008e-01,2.749e-01,1.307e-01,7.996e-02,3.704e-02,1.196e-02,3.779e-03,1.126e-03,2.339e-04,2.962e-05,1.941e-05,0.000e+00]
},
{
 "name": "Cassini",
 "decode_type": "SOFT16",
 "simd_type": "SIMD_AVX",
 "K": 15,
 "R": 6,
 "G": [17817,20133,23879,30451,32439,26975],
 "EbNo_dB": [-17.0,-16.5,-16.0,-15.5,-15.0,-14.5,-14.0,-13.5,-13.0,-12.5,-12.0],
 "ber": [4.966e-01,4.988e-01,4.917e-01,4.929e-01,4.800e-01,4.329e-01,3.345e-01,1.837e-01,9.847e-02,4.281e-02,0.000e+00]
},
{
 "name": "Cassini",
 "decode_type": "SOFT16",
 "simd_type": "SIMD_SSE",
 "K": 15,
 "R": 6,
 "G": [17817,20133,23879,30451,32439,26975],
 "EbNo_dB": [-17.0,-16.5,-16.0,-15.5,-15.0,-14.5,-14.0,-13.5,-13.0,-12.5,-12.0],
 "ber": [4.966e-01,4.988e-01,4.917e-01,4.929e-01,4.800e-01,4.329e-01,3.345e-01,1.837e-01,9.847e-02,4.281e-02,0.000e+00]
},
{
 "name": "CDMA 2000",
 "decode_type": "SOFT16",
 "simd_type": "SCALAR",
 "K": 9,
 "R": 4,
 "G": [501,441,331,315],
 "EbNo_dB": [-17.0,-16.5,-16.0,-15.5,-15.0,-14.5,-14.0,-13.5,-13.0,-12.5,-12.0,-11.5,-11.0,-10.5,-10.0,-9.5,-9.0,-8.5,-8.0,-7.5,-7.0,-6.5,-6.0,-5.5],
 "ber": [4.990e-01,4.866e-01,4.905e-01,5.005e-01,4.929e-01,5.020e-01,4.912e-01,4.866e-01,4.717e-01,4.661e-01,4.385e-01,4.028e-01,3.789e-01,2.603e-01,2.207e-01,1.149e-01,5.776e-02,2.428e-02,9.487e-03,2.786e-03,5.547e-04,1.001e-04,1.941e-05,0.000e+00]
},
{
 "name": "Cassini",
 "decode_type": "SOFT8",
 "simd_type": "SIMD_AVX",
 "K": 15,
 "R": 6,
 "G": [17817,20133,23879,30451,32439,26975],
 "EbNo_dB": [-17.0,-16.5,-16.0,-15.5,-15.0,-14.5,-14.0,-13.5,-13.0,-12.5,-12.0,-11.5],
 "ber": [5.022e-01,4.985e-01,4.961e-01,4.895e-01,4.697e-01,4.231e-01,3.596e-01,2.720e-01,1.130e-01,4.614e-02,6.592e-03,0.000e+00]
},
{
 "name": "Cassini",
 "decode_type": "SOFT8",
 "simd_type": "SIMD_SSE",
 "K": 15,
 "R": 6,
 "G": [17817,20133,23879,30451,32439,26975],
 "EbNo_dB": [-17.0,-16.5,-16.0,-15.5,-15.0,-14.5,-14.0,-13.5,-13.0,-12.5,-12.0,-11.5],
 "ber": [5.022e-01,4.985e-01,4.961e-01,4.895e-01,4.697e-01,4.231e-01,3.596e-01,2.720e-01,1.130e-01,4.614e-02,6.592e-03,0.000e+00]
},
{
 "name": "Cassini",
 "decode_type": "HARD8",
 "simd_type": "SIMD_SSE",
 "K": 15,
 "R": 6,
 "G": [17817,20133,23879,30451,32439,26975],
 "EbNo_dB": [-17.0,-16.5,-16.0,-15.5,-15.0,-14.5,-14.0,-13.5,-13.0,-12.5,-12.0,-11.5,-11.0],
 "ber": [5.066e-01,5.046e-01,5.032e-01,4.949e-01,5.012e-01,4.490e-01,4.297e-01,3.374e-01,1.747e-01,1.204e-01,3.361e-02,4.069e-04,0.000e+00]
},
{
 "name": "Cassini",
 "decode_type": "HARD8",
 "simd_type": "SIMD_AVX",
 "K": 15,
 "R": 6,
 "G": [17817,20133,23879,30451,32439,26975],
 "EbNo_dB": [-17.0,-16.5,-16.0,-15.5,-15.0,-14.5,-14.0,-13.5,-13.0,-12.5,-12.0,-11.5,-11.0],
 "ber": [5.066e-01,5.046e-01,5.032e-01,4.949e-01,5.012e-01,4.490e-01,4.297e-01,3.374e-01,1.747e-01,1.204e-01,3.361e-02,4.069e-04,0.000e+00]
},
{
 "name": "CDMA IS-95A",
 "decode_type": "HARD8",
 "simd_type": "SCALAR",
 "K": 9,
 "R": 2,
 "G": [491,369],
 "EbNo_dB": [-17.0,-16.0,-15.0,-14.0,-13.0,-12.0,-11.0,-10.0,-9.0,-8.0,-7.0,-6.0,-5.0,-4.0,-3.0,-2.0,-1.0,0.0,1.0,2.0,3.0],
 "ber": [4.985e-01,4.873e-01,5.042e-01,5.125e-01,4.907e-01,5.110e-01,4.927e-01,4.905e-01,5.112e-01,4.929e-01,4.888e-01,4.956e-01,4.878e-01,4.277e-01,3.352e-01,1.562e-01,2.840e-02,2.516e-03,1.761e-04,6.654e-06,0.000e+00]
},
{
 "name": "CDMA 2000",
 "decode_type": "HARD8",
 "simd_type": "SCALAR",
 "K": 9,
 "R": 4,
 "G": [501,441,331,315],
 "EbNo_dB": [-17.0,-16.5,-16.0,-15.5,-15.0,-14.5,-14.0,-13.5,-13.0,-12.5,-12.0,-11.5,-11.0,-10.5,-10.0,-9.5,-9.0,-8.5,-8.0,-7.5,-7.0,-6.5,-6.0,-5.5,-5.0,-4.5],
 "ber": [5.000e-01,5.042e-01,4.844e-01,5.027e-01,4.985e-01,4.971e-01,5.112e-01,4.761e-01,4.893e-01,4.946e-01,4.749e-01,4.570e-01,4.417e-01,3.594e-01,2.798e-01,2.783e-01,1.471e-01,7.684e-02,3.676e-02,1.254e-02,4.577e-03,1.195e-03,2.738e-04,3.677e-05,1.634e-05,0.000e+00]
},
{
 "name": "Cassini",
 "decode_type": "SOFT16",
 "simd_type": "SCALAR",
 "K": 15,
 "R": 6,
 "G": [17817,20133,23879,30451,32439,26975],
 "EbNo_dB": [-17.0,-16.5,-16.0,-15.5,-15.0,-14.5,-14.0,-13.5,-13.0,-12.5,-12.0],
 "ber": [4.966e-01,4.988e-01,4.917e-01,4.929e-01,4.800e-01,4.329e-01,3.345e-01,1.837e-01,9.847e-02,4.281e-02,0.000e+00]
},
{
 "name": "Basic K=5 R=1/2",
 "decode_type": "HARD8",
 "simd_type": "SCALAR",
 "K": 5,
 "R": 2,
 "G": [23,25],
 "EbNo_dB": [-7.0,-6.0,-5.0,-4.0,-3.0,-2.0,-1.0,0.0,1.0,2.0,3.0,4.0,5.0,6.0,7.0,8.0],
 "ber": [4.729e-01,4.246e-01,3.503e-01,3.208e-01,2.241e-01,1.210e-01,4.704e-02,1.491e-02,3.192e-03,5.128e-04,8.151e-05,1.139e-05,7.679e-07,3.200e-08,9.599e-08,0.000e+00]
},
{
 "name": "Cassini",
 "decode_type": "HARD8",
 "simd_type": "SCALAR",
 "K": 15,
 "R": 6,
 "G": [17817,20133,23879,30451,32439,26975],
 "EbNo_dB": [-17.0,-16.5,-16.0,-15.5,-15.0,-14.5,-14.0,-13.5,-13.0,-12.5,-12.0,-11.5],
 "ber": [5.090e-01,5.046e-01,5.149e-01,4.905e-01,4.844e-01,4.412e-01,4.397e-01,3.384e-01,1.835e-01,1.317e-01,3.605e-02,0.000e+00]
},
{
 "name": "LTE",
 "decode_type": "SOFT8",
 "simd_type": "SCALAR",
 "K": 7,
 "R": 3,
 "G": [91,117,121],
 "EbNo_dB": [-12.0,-11.5,-11.0,-10.5,-10.0,-9.5,-9.0,-8.5,-8.0,-7.5,-7.0,-6.5,-6.0,-5.5,-5.0,-4.5,-4.0,-3.5,-3.0,-2.5,-2.0,-1.5,-1.0,-0.5,0.0,0.5,1.0,1.5,2.0,2.5,3.0],
 "ber": [4.851e-01,4.731e-01,4.785e-01,4.717e-01,4.429e-01,4.319e-01,3.799e-01,3.369e-01,2.957e-01,2.573e-01,1.810e-01,1.141e-01,4.773e-02,2.634e-02,1.003e-02,3.495e-03,1.297e-03,5.322e-04,3.100e-04,2.126e-04,1.900e-04,1.620e-04,1.511e-04,1.299e-04,1.125e-04,9.578e-05,6.315e-05,5.604e-05,5.125e-05,3.320e-05,2.956e-05]
},
{
 "name": "CDMA 2000",
 "decode_type": "SOFT8",
 "simd_type": "SCALAR",
 "K": 9,
 "R": 4,
 "G": [501,441,331,315],
 "EbNo_dB": [-17.0,-16.5,-16.0,-15.5,-15.0,-14.5,-14.0,-13.5,-13.0,-12.5,-12.0,-11.5,-11.0,-10.5,-10.0,-9.5,-9.0,-8.5,-8.0,-7.5,-7.0,-6.5,-6.0,-5.5,-5.0,-4.5,-4.0,-3.5,-3.0,-2.5,-2.0],
 "ber": [5.034e-01,4.866e-01,4.978e-01,5.039e-01,5.027e-01,4.900e-01,4.990e-01,4.912e-01,4.888e-01,4.839e-01,4.597e-01,4.265e-01,3.757e-01,2.852e-01,2.430e-01,1.298e-01,7.526e-02,3.006e-02,1.048e-02,3.869e-03,1.229e-03,8.162e-04,6.231e-04,6.078e-04,4.811e-04,5.853e-04,6.507e-04,5.465e-04,5.751e-04,5.067e-04,5.210e-04]
},
{
 "name": "DAB Radio",
 "decode_type": "SOFT8",
 "simd_type": "SCALAR",
 "K": 7,
 "R": 4,
 "G": [109,79,83,109],
 "EbNo_dB": [-15.0,-14.5,-14.0,-13.5,-13.0,-12.5,-12.0,-11.5,-11.0,-10.5,-10.0,-9.5,-9.0,-8.5,-8.0,-7.5,-7.0,-6.5,-6.0,-5.5,-5.0,-4.5,-4.0,-3.5,-3.0,-2.5,-2.0,-1.5,-1.0,-0.5,0.0],
 "ber": [5.020e-01,4.875e-01,5.093e-01,4.900e-01,4.792e-01,4.724e-01,4.216e-01,4.358e-01,3.569e-01,3.572e-01,2.820e-01,2.070e-01,1.335e-01,6.909e-02,2.943e-02,1.159e-02,4.171e-03,1.495e-03,5.447e-04,3.222e-04,2.567e-04,2.211e-04,1.868e-04,1.612e-04,1.661e-04,1.257e-04,1.013e-04,1.113e-04,6.756e-05,6.321e-05,3.634e-05]
},
{
 "name": "Voyager",
 "decode_type": "SOFT8",
 "simd_type": "SCALAR",
 "K": 7,
 "R": 2,
 "G": [109,79],
 "EbNo_dB": [-9.0,-8.0,-7.0,-6.0,-5.0,-4.0,-3.0,-2.0,-1.0,0.0,1.0,2.0,3.0,4.0,5.0,6.0,7.0,8.0,9.0,10.0,11.0,12.0,13.0],
 "ber": [4.919e-01,4.902e-01,5.056e-01,4.731e-01,4.387e-01,3.420e-01,1.755e-01,5.503e-02,8.492e-03,8.452e-04,1.939e-04,1.047e-04,9.968e-05,6.001e-05,3.788e-05,3.173e-05,1.139e-05,9.597e-06,6.654e-06,1.663e-06,1.152e-06,5.118e-07,0.000e+00]
},
{
 "name": "CDMA IS-95A",
 "decode_type": "SOFT8",
 "simd_type": "SCALAR",
 "K": 9,
 "R": 2,
 "G": [491,369],
 "EbNo_dB": [-17.0,-16.0,-15.0,-14.0,-13.0,-12.0,-11.0,-10.0,-9.0,-8.0,-7.0,-6.0,-5.0,-4.0,-3.0,-2.0,-1.0,0.0,1.0,2.0,3.0,4.0,5.0,6.0,7.0,8.0,9.0,10.0,11.0,12.0,13.0],
 "ber": [4.988e-01,4.832e-01,4.858e-01,4.983e-01,5.029e-01,4.946e-01,5.034e-01,5.159e-01,5.042e-01,4.863e-01,4.963e-01,4.758e-01,4.709e-01,3.840e-01,1.998e-01,5.806e-02,3.837e-03,6.934e-04,5.880e-04,5.108e-04,4.606e-04,3.148e-04,3.388e-04,1.960e-04,2.093e-04,9.264e-05,9.213e-05,5.118e-05,4.965e-05,2.201e-05,1.740e-05]
},
{
 "name": "Basic K=3 R=1/2",
 "decode_type": "SOFT16",
 "simd_type": "SCALAR",
 "K": 3,
 "R": 2,
 "G": [7,5],
 "EbNo_dB": [-5.0,-4.0,-3.0,-2.0,-1.0,0.0,1.0,2.0,3.0,4.0,5.0,6.0],
 "ber": [2.502e-01,1.616e-01,1.016e-01,3.969e-02,1.407e-02,3.968e-03,7.089e-04,7.857e-05,6.976e-06,4.880e-07,8.000e-09,0.000e+00]
},
{
 "name": "Cassini",
 "decode_type": "SOFT8",
 "simd_type": "SCALAR",
 "K": 15,
 "R": 6,
 "G": [17817,20133,23879,30451,32439,26975],
 "EbNo_dB": [-17.0,-16.5,-16.0,-15.5,-15.0,-14.5,-14.0,-13.5,-13.0,-12.5,-12.0,-11.5,-11.0,-10.5,-10.0,-9.5,-9.0,-8.5,-8.0,-7.5,-7.0,-6.5,-6.0,-5.5,-5.0,-4.5,-4.0,-3.5,-3.0,-2.5,-2.0],
 "ber": [4.988e-01,4.993e-01,4.939e-01,4.822e-01,4.688e-01,4.355e-01,3.777e-01,2.507e-01,1.155e-01,5.396e-02,9.766e-03,8.382e-03,4.232e-03,7.487e-03,5.697e-03,7.161e-03,1.034e-02,1.164e-02,8.870e-03,1.172e-02,1.229e-02,1.481e-02,1.815e-02,2.336e-02,3.125e-02,3.825e-02,4.842e-02,5.770e-02,8.162e-02,8.927e-02,1.045e-01]
},
{
 "name": "Basic K=5 R=1/2",
 "decode_type": "SOFT8",
 "simd_type": "SCALAR",
 "K": 5,
 "R": 2,
 "G": [23,25],
 "EbNo_dB": [-7.0,-6.0,-5.0,-4.0,-3.0,-2.0,-1.0,0.0,1.0,2.0,3.0,4.0,5.0,6.0,7.0,8.0,9.0,10.0,11.0,12.0],
 "ber": [4.236e-01,3.911e-01,3.252e-01,2.435e-01,1.398e-01,5.703e-02,1.347e-02,2.290e-03,2.827e-04,4.344e-05,1.680e-05,9.151e-06,5.696e-06,3.168e-06,1.440e-06,9.599e-08,1.920e-07,3.200e-08,3.200e-08,0.000e+00]
},
{
 "name": "Basic K=3 R=1/2",
 "decode_type": "HARD8",
 "simd_type": "SCALAR",
 "K": 3,
 "R": 2,
 "G": [7,5],
 "EbNo_dB": [-5.0,-4.0,-3.0,-2.0,-1.0,0.0,1.0,2.0,3.0,4.0,5.0,6.0,7.0,8.0,9.0,10.0],
 "ber": [2.996e-01,2.175e-01,1.552e-01,8.968e-02,4.150e-02,1.842e-02,6.836e-03,1.782e-03,4.690e-04,1.230e-04,2.660e-05,5.408e-06,8.880e-07,1.120e-07,8.000e-09,0.000e+00]
},
{
 "name": "Basic K=3 R=1/2",
 "decode_type": "SOFT8",
 "simd_type": "SCALAR",
 "K": 3,
 "R": 2,
 "G": [7,5],
 "EbNo_dB": [-5.0,-4.0,-3.0,-2.0,-1.0,0.0,1.0,2.0,3.0,4.0,5.0,6.0,7.0,8.0,9.0,10.0,11.0],
 "ber": [2.666e-01,1.656e-01,1.047e-01,4.810e-02,1.670e-02,5.049e-03,9.728e-04,1.330e-04,1.806e-05,3.928e-06,1.832e-06,8.480e-07,3.360e-07,9.600e-08,4.800e-08,8.000e-09,0.000e+00]
}
]
